size;degree;matching;time
3;1;5;126984
3;2;8;86293
3;3;9;34062
4;1;10;40723
4;2;17;70510
4;3;20;68272
4;4;21;82784
5;1;20;116331
5;2;34;242383
5;3;42;272915
5;4;42;274503
5;5;41;367435
6;1;40;408862
6;2;67;808782
6;3;86;902924
6;4;87;919756
6;5;83;815820
6;6;81;940399
7;1;81;1433344
7;2;135;1302494
7;3;167;1416056
7;4;174;1528278
7;5;169;1284386
7;6;162;1306042
7;7;156;832895
8;1;162;1075211
8;2;272;1683681
8;3;340;2299245
8;4;347;2462496
8;5;338;2741822
8;6;324;2945174
8;7;314;3032995
8;8;305;3298440
9;1;323;4406410
9;2;542;6435575
9;3;676;8130986
9;4;696;9874703
9;5;676;10326643
9;6;649;11067363
9;7;629;11620891
9;8;610;12438266
9;9;598;12945720
10;1;648;18612520
10;2;1080;27598082
10;3;1354;35614600
10;4;1407;40576538
10;5;1354;43652412
10;6;1302;46174459
10;7;1258;47984632
10;8;1223;50153268
10;9;1200;52624998
10;10;1178;55543082